0.0
0.041666666666666664
0.08333333333333333
0.125
0.16666666666666666
0.20833333333333331
0.25
0.29166666666666663
0.3333333333333333
0.375
0.41666666666666663
0.4583333333333333
0.5
0.5416666666666666
0.5833333333333333
0.625
0.6666666666666666
0.7083333333333333
0.75
0.7916666666666666
0.8333333333333333
0.875
0.9166666666666666
0.9583333333333333
1.0
1.0416666666666665
1.0833333333333333
1.125
1.1666666666666665
1.2083333333333333
1.25
1.2916666666666665
1.3333333333333333
1.375
1.4166666666666665
1.4583333333333333
1.5
1.5416666666666665
1.5833333333333333
1.625
1.6666666666666665
1.7083333333333333
1.75
1.7916666666666665
1.8333333333333333
1.875
1.9166666666666665
1.9583333333333333
2.0
2.0416666666666665
2.083333333333333
2.125
2.1666666666666665
2.208333333333333
2.25
2.2916666666666665
2.333333333333333
2.375
2.4166666666666665
2.458333333333333
2.5
2.5416666666666665
2.583333333333333
2.625
2.6666666666666665
2.708333333333333
2.75
2.7916666666666665
2.833333333333333
2.875
2.9166666666666665
2.958333333333333
3.0 
